Contents of ARRAY_A:
Contents of ARRAY_A:
103.44 157.96 180.098 127.982 160.495 131.284 122.132 147.587 173.413 158.19 
102.606 193.948 171.826 153.291 112.205 135.287 180.569 197.859 159.902 115.853 
151.777 180.465 117.48 156.358 193.93 139.287 160.043 197.7 155.202 100.431 
183.495 108.884 173.853 160.703 137.398 131.972 150.81 110.257 155.248 182.682 
157.969 145.196 115.826 182.972 138.199 161.786 123.021 144.924 108.917 184.502 
134.905 178.055 127.101 120.954 129.22 141.416 125.312 193.446 138.376 114.777 
179.278 140.043 138.208 107.477 114.138 138.141 125.621 179.275 112.193 140.596 
169.018 193.437 126.963 176.517 165.367 175.96 167.205 110.523 190.061 100.37 
157.593 109.914 171.398 172.19 137.043 113.086 176.648 131.872 102.526 149.914 
141.713 153.431 159.26 108.037 130.972 154.031 184.865 194.566 159.709 191.969 
169.388 186.067 164.694 171.22 138.199 119.235 157.358 127.089 118.193 114.358 
143.119 112.768 156.596 180.159 141.847 159.688 151.333 197.355 193.688 133.183 
103.523 127.856 184.226 156.676 150.214 145.899 174.786 123.263 186.287 136.78 
170.07 170.419 137.122 163.462 109.073 135.578 189.991 144.19 113.795 169.037 
141.746 140.976 178.379 121.031 177.04 103.401 134.789 180.064 130.318 166.859 
180.018 178.988 146.972 149.37 195.523 146.015 197.823 147.716 147.985 118.489 
159.768 175.55 102.749 193.278 121.358 143.024 134.927 134.239 120.945 124.725 
172.535 111.927 178.636 111.089 156.954 192.459 130.343 192.174 154.211 150.7 
125.153 168.56 100.875 130.694 192.043 139.468 120.881 121.031 137.945 161.028 
195.076 170.997 187.388 123.936 119.881 116.868 118.443 148.018 140.162 142.911 
111 137.737 186.474 144.798 160.235 199.055 105.93 121.917 169.037 160.899 
119.55 167.474 177.596 102.024 187.673 178.517 138.404 126.502 121.642 159.593 
197.887 186.391 125.511 139.847 191.523 198.966 198.832 176.419 115.343 154.737 
188.661 165.483 180.388 163.037 124.367 134.15 108.74 131.428 118.147 133.281 
185.746 127.966 166.321 103.92 119.606 120.483 136.336 140.018 126.847 141.963 
174.395 117.245 194.725 177.404 115.116 112.694 

Contents of ARRAY_B:
11.7775 12.1978 27.2418 29.8169 16.6502 26.7482 29.9863 27.1081 22.6081 13.2811 
20.4597 6.02564 11.5101 14.4963 10.0027 19.6502 28.8471 2.38004 20.9597 2.73077 
15.9148 17.2381 27.5467 6.86172 5.41392 6.47436 21.4835 7.40568 26.881 26.0962 
6.42399 12.6658 13.5897 12.565 10.2619 20.4945 17.5458 28.0211 9.34341 12.7088 
3.97985 6.46703 3.7207 12.6255 12.0696 23.9588 17.4368 5.98169 13.3159 0.35989 
22.9194 20.6181 14.2473 5.75916 13.5952 15.1712 4.92766 19.0705 13.7271 22.1712 
29.902 11.8571 9.55128 15.7463 13.0357 15.0934 10.8077 9.36264 2.99817 21.6566 
16.6877 3.82143 20.7271 12.413 5.28205 20.88 25.5788 18.7115 20.6053 22.7683 
21.7299 29.0256 26.196 12.9707 11.315 12.6465 19.4496 28.5357 25.924 18.2115 
15.6813 19.2024 2.96703 19.8132 5.97711 13.7766 8.58425 8.61264 7.9478 28.9121 
3.47527 2.69506 13.3883 0.702381 13.4139 22.9963 11.9496 4.43773 20.8516 8.09615 
14.8727 22.6777 19.2692 15.7839 17.8288 7.12271 26.804 24.0311 6.94963 4.54304 
20.6886 9.36996 7.11905 12.0018 9.1337 5.38736 6.53755 21.7821 22.1493 9.14286 
26.7024 11.2976 27.8791 8.37363 21.7674 8.2967 6.06319 27.2775 26.4707 16.652 
5.14744 13.6438 26.5458 23.0788 24.5632 5.25641 0.801282 20.0916 28.8233 8.22985 
28.8947 25.5037 24.9643 25.2115 13.7619 3.75458 29.8727 26.2115 23.0064 29.4707 
9.06136 29.8938 18.0082 28.3938 3.52747 28.1071 5.07051 6.23169 16.1328 11.5064 
7.51923 10.543 24.174 9.06136 22.8553 16.0229 19.6712 9.24725 24.043 28.5733 
23.9304 5.76099 18.9908 28.3745 7.91667 5.5696 17.2582 17.3416 25.0897 2.07418 
8.07875 1.22985 8.11447 21.2463 8.75916 21.7317 16.2161 3.48535 17.5027 8.82875 
24.5082 19.1328 19.7326 18.8352 12.0476 10.2537 1.97711 28.2582 10.0952 6.73626 
2.38919 28.957 27.1218 9.32143 1.90385 14.8205 22.1685 7.48993 15.1978 5.31227 
23.1429 14.989 5.40934 26.1658 21.5256 20.7894 11.783 12.5504 10.1419 8.31777 
24.185 5.09158 5.5119 0.77381 23.6603 3.92491 1.34799 15.3086 23.0403 1.1978 
24.7793 3.90018 16.6529 7.3141 1.81777 23.7967 3.23993 21.1996 23.7555 25.1932 
21.1126 29.9286 0.81685 9.12637 29.5861 18.0302 




























Contents of ARRAY_B:



























Contents of ARRAY_C:
115.218 170.158 207.34 157.799 177.146 158.033 152.118 174.695 196.021 171.471 
123.065 199.974 183.336 167.787 122.208 154.938 209.416 200.239 180.862 118.584 
167.692 197.703 145.027 163.22 199.344 145.762 181.526 205.106 182.083 126.527 
189.919 121.55 187.443 173.268 147.659 152.467 168.356 138.278 164.591 195.391 
161.949 151.663 119.546 195.598 150.268 185.745 140.458 150.905 122.233 184.861 
157.825 198.673 141.348 126.713 142.815 156.587 130.24 212.517 152.103 136.948 
209.18 151.9 147.759 123.223 127.173 153.234 136.428 188.638 115.191 162.253 
185.706 197.259 147.69 188.93 170.649 196.84 192.784 129.234 210.666 123.138 
179.323 138.94 197.594 185.16 148.358 125.732 196.098 160.407 128.45 168.126 
157.394 172.634 162.227 127.85 136.95 167.807 193.45 203.178 167.657 220.882 
172.864 188.762 178.082 171.923 151.613 142.232 169.307 131.526 139.044 122.454 
157.992 135.445 175.866 195.943 159.676 166.811 178.137 221.386 200.638 137.727 
124.212 137.226 191.345 168.678 159.348 151.286 181.323 145.045 208.437 145.923 
196.773 181.717 165.001 171.835 130.841 143.875 196.054 171.467 140.266 185.689 
146.894 154.619 204.925 144.109 201.603 108.657 135.59 200.156 159.141 175.089 
208.913 204.491 171.937 174.582 209.285 149.77 227.695 173.927 170.991 147.96 
168.829 205.444 120.757 221.672 124.885 171.132 139.997 140.47 137.078 136.231 
180.054 122.47 202.81 120.15 179.809 208.482 150.014 201.422 178.254 179.274 
149.083 174.321 119.865 159.069 199.959 145.037 138.139 138.372 163.035 163.102 
203.155 172.227 195.503 145.182 128.64 138.6 134.66 151.504 157.665 151.74 
135.508 156.87 206.207 163.633 172.283 209.309 107.907 150.176 179.132 167.635 
121.94 196.431 204.718 111.346 189.577 193.337 160.572 133.991 136.84 164.906 
221.03 201.38 130.92 166.013 213.049 219.756 210.615 188.969 125.484 163.055 
212.846 170.575 185.9 163.811 148.027 138.075 110.088 146.737 141.187 134.479 
210.525 131.867 182.974 111.235 121.423 144.28 139.576 161.218 150.603 167.157 
195.507 147.173 195.542 186.53 144.702 130.724 

Contents of ARRAY_D:
91.6629 145.762 152.856 98.1648 143.845 104.536 92.1452 120.479 150.805 144.908 
82.1458 187.922 160.316 138.794 102.202 115.637 151.722 195.479 138.942 113.122 
135.862 163.227 89.9334 149.496 188.516 132.813 138.559 190.295 128.321 74.335 
177.071 96.218 160.263 148.138 127.136 111.478 133.265 82.2358 145.904 169.973 
153.99 138.729 112.105 170.347 126.129 137.827 105.585 138.942 95.6015 184.142 
111.986 157.437 112.854 115.195 115.625 126.245 120.384 174.376 124.649 92.6055 
149.376 128.186 128.657 91.7307 101.102 123.047 114.813 169.913 109.194 118.94 
152.331 189.616 106.236 164.104 160.085 155.08 141.626 91.8114 169.456 77.6017 
135.863 80.8887 145.202 159.219 125.728 100.439 157.199 103.336 76.602 131.703 
126.031 134.229 156.293 88.2235 124.995 140.254 176.281 185.953 151.762 163.057 
165.913 183.372 151.306 170.518 124.785 96.2391 145.408 122.651 97.341 106.262 
128.247 90.0899 137.327 164.375 124.018 152.565 124.529 173.324 186.738 128.64 
82.8343 118.486 177.107 144.674 141.08 140.512 168.248 101.481 164.138 127.637 
143.368 159.121 109.243 155.088 87.306 127.281 183.928 116.912 87.3244 152.385 
136.599 127.332 151.833 97.9518 152.477 98.1442 133.988 159.973 101.495 158.629 
151.124 153.484 122.008 124.158 181.761 142.261 167.95 121.504 124.978 89.0186 
150.706 145.657 84.741 164.885 117.83 114.917 129.856 128.007 104.812 113.218 
165.016 101.384 154.462 102.027 134.099 176.436 110.671 182.927 130.168 122.127 
101.223 162.799 81.8838 102.32 184.126 133.898 103.622 103.689 112.855 158.953 
186.998 169.767 179.274 102.689 111.122 95.1368 102.227 144.533 122.659 134.083 
86.4918 118.604 166.741 125.963 148.188 188.801 103.953 93.6592 158.941 154.163 
117.161 138.517 150.475 92.703 185.769 163.696 116.235 119.012 106.444 154.281 
174.744 171.402 120.101 113.681 169.997 178.177 187.049 163.869 105.201 146.419 
164.476 160.392 174.876 162.263 100.707 130.225 107.392 116.12 95.1065 132.084 
160.967 124.066 149.668 96.6064 117.788 96.6865 133.096 118.819 103.092 116.77 
153.282 87.3161 193.908 168.277 85.5301 94.664 

